1.16786275726378E-01    5.01426509658179E-01    2.49286745170910E-01    2.49286745170910E-01
1.16786275726378E-01    2.49286745170910E-01    5.01426509658179E-01    2.49286745170910E-01
1.16786275726378E-01    2.49286745170910E-01    2.49286745170910E-01    5.01426509658180E-01
5.08449063702069E-02    8.73821971016995E-01    6.30890144915020E-02    6.30890144915020E-02
5.08449063702069E-02    6.30890144915020E-02    8.73821971016995E-01    6.30890144915020E-02
5.08449063702069E-02    6.30890144915020E-02    6.30890144915020E-02    8.73821971016996E-01
8.28510756183740E-02    5.31450498448170E-02    3.10352451033784E-01    6.36502499121399E-01
8.28510756183740E-02    6.36502499121399E-01    5.31450498448170E-02    3.10352451033784E-01
8.28510756183740E-02    3.10352451033784E-01    6.36502499121399E-01    5.31450498448169E-02
8.28510756183740E-02    3.10352451033784E-01    5.31450498448170E-02    6.36502499121398E-01
8.28510756183740E-02    6.36502499121399E-01    3.10352451033784E-01    5.31450498448169E-02
8.28510756183740E-02    5.31450498448170E-02    6.36502499121399E-01    3.10352451033783E-01
