-1.49570044467681E-01   3.33333333333332E-01    3.33333333333332E-01    3.33333333333333E-01
1.75615257433207E-01    4.79308067841919E-01    2.60345966079039E-01    2.60345966079040E-01
1.75615257433207E-01    2.60345966079039E-01    2.60345966079039E-01    4.79308067841920E-01
1.75615257433207E-01    2.60345966079039E-01    4.79308067841919E-01    2.60345966079040E-01
5.33472356088380E-02    8.69739794195568E-01    6.51301029022160E-02    6.51301029022159E-02
5.33472356088380E-02    6.51301029022160E-02    6.51301029022160E-02    8.69739794195568E-01
5.33472356088380E-02    6.51301029022160E-02    8.69739794195568E-01    6.51301029022159E-02
7.71137608902569E-02    4.86903154253160E-02    3.12865496004874E-01    6.38444188569810E-01
7.71137608902569E-02    3.12865496004874E-01    6.38444188569810E-01    4.86903154253159E-02
7.71137608902569E-02    6.38444188569810E-01    4.86903154253160E-02    3.12865496004874E-01
7.71137608902569E-02    3.12865496004874E-01    4.86903154253160E-02    6.38444188569810E-01
7.71137608902569E-02    6.38444188569810E-01    3.12865496004874E-01    4.86903154253159E-02
7.71137608902569E-02    4.86903154253160E-02    6.38444188569810E-01    3.12865496004874E-01
