1.44315607677787E-01    3.33333333333332E-01    3.33333333333332E-01    3.33333333333333E-01
9.50916342672849E-02    8.14148234145540E-02    4.59292588292723E-01    4.59292588292723E-01
9.50916342672849E-02    4.59292588292723E-01    4.59292588292723E-01    8.14148234145539E-02
9.50916342672849E-02    4.59292588292723E-01    8.14148234145540E-02    4.59292588292723E-01
1.03217370534717E-01    6.58861384496480E-01    1.70569307751759E-01    1.70569307751759E-01
1.03217370534717E-01    1.70569307751759E-01    1.70569307751759E-01    6.58861384496479E-01
1.03217370534717E-01    1.70569307751759E-01    6.58861384496480E-01    1.70569307751759E-01
3.24584976231980E-02    8.98905543365937E-01    5.05472283170309E-02    5.05472283170310E-02
3.24584976231980E-02    5.05472283170309E-02    5.05472283170309E-02    8.98905543365938E-01
3.24584976231980E-02    5.05472283170309E-02    8.98905543365937E-01    5.05472283170310E-02
2.72303141744350E-02    8.39477740995800E-03    2.63112829634638E-01    7.28492392955404E-01
2.72303141744350E-02    2.63112829634638E-01    7.28492392955404E-01    8.39477740995797E-03
2.72303141744350E-02    7.28492392955404E-01    8.39477740995800E-03    2.63112829634638E-01
2.72303141744350E-02    2.63112829634638E-01    8.39477740995800E-03    7.28492392955404E-01
2.72303141744350E-02    7.28492392955404E-01    2.63112829634638E-01    8.39477740995797E-03
2.72303141744350E-02    8.39477740995800E-03    7.28492392955404E-01    2.63112829634638E-01
