9.71357962827990E-02    3.33333333333332E-01    3.33333333333332E-01    3.33333333333333E-01
3.13347002271390E-02    2.06349616025249E-02    4.89682519198738E-01    4.89682519198737E-01
3.13347002271390E-02    4.89682519198738E-01    4.89682519198738E-01    2.06349616025240E-02
3.13347002271390E-02    4.89682519198738E-01    2.06349616025249E-02    4.89682519198737E-01
7.78275410047740E-02    1.25820817014127E-01    4.37089591492937E-01    4.37089591492935E-01
7.78275410047740E-02    4.37089591492937E-01    4.37089591492937E-01    1.25820817014125E-01
7.78275410047740E-02    4.37089591492937E-01    1.25820817014127E-01    4.37089591492935E-01
7.96477389272099E-02    6.23592928761934E-01    1.88203535619033E-01    1.88203535619032E-01
7.96477389272099E-02    1.88203535619033E-01    1.88203535619033E-01    6.23592928761933E-01
7.96477389272099E-02    1.88203535619033E-01    6.23592928761934E-01    1.88203535619032E-01
2.55776756586980E-02    9.10540973211094E-01    4.47295133944529E-02    4.47295133944520E-02
2.55776756586980E-02    4.47295133944529E-02    4.47295133944529E-02    9.10540973211094E-01
2.55776756586980E-02    4.47295133944529E-02    9.10540973211094E-01    4.47295133944520E-02
4.32835393772890E-02    3.68384120547360E-02    2.21962989160766E-01    7.41198598784498E-01
4.32835393772890E-02    2.21962989160766E-01    7.41198598784498E-01    3.68384120547360E-02
4.32835393772890E-02    7.41198598784498E-01    3.68384120547360E-02    2.21962989160765E-01
4.32835393772890E-02    2.21962989160766E-01    3.68384120547360E-02    7.41198598784498E-01
4.32835393772890E-02    7.41198598784498E-01    2.21962989160766E-01    3.68384120547359E-02
4.32835393772890E-02    3.68384120547360E-02    7.41198598784498E-01    2.21962989160765E-01
