9.08179903827539E-02    3.33333333333332E-01    3.33333333333332E-01    3.33333333333333E-01
3.67259577564669E-02    2.88447332326850E-02    4.85577633383657E-01    4.85577633383658E-01
3.67259577564669E-02    4.85577633383657E-01    4.85577633383657E-01    2.88447332326859E-02
3.67259577564669E-02    4.85577633383657E-01    2.88447332326850E-02    4.85577633383658E-01
4.53210594355279E-02    7.81036849029925E-01    1.09481575485036E-01    1.09481575485037E-01
4.53210594355279E-02    1.09481575485036E-01    1.09481575485036E-01    7.81036849029925E-01
4.53210594355279E-02    1.09481575485036E-01    7.81036849029925E-01    1.09481575485037E-01
7.27579168454200E-02    1.41707219414879E-01    3.07939838764121E-01    5.50352941820999E-01
7.27579168454200E-02    3.07939838764121E-01    5.50352941820999E-01    1.41707219414879E-01
7.27579168454200E-02    5.50352941820999E-01    1.41707219414879E-01    3.07939838764121E-01
7.27579168454200E-02    3.07939838764121E-01    1.41707219414879E-01    5.50352941820999E-01
7.27579168454200E-02    5.50352941820999E-01    3.07939838764121E-01    1.41707219414879E-01
7.27579168454200E-02    1.41707219414879E-01    5.50352941820999E-01    3.07939838764121E-01
2.83272425310569E-02    2.50035347626859E-02    2.46672560639903E-01    7.28323904597411E-01
2.83272425310569E-02    2.46672560639903E-01    7.28323904597411E-01    2.50035347626860E-02
2.83272425310569E-02    7.28323904597411E-01    2.50035347626859E-02    2.46672560639902E-01
2.83272425310569E-02    2.46672560639903E-01    2.50035347626859E-02    7.28323904597411E-01
2.83272425310569E-02    7.28323904597411E-01    2.46672560639903E-01    2.50035347626859E-02
2.83272425310569E-02    2.50035347626859E-02    7.28323904597411E-01    2.46672560639902E-01
9.42166696373300E-03    9.54081540029899E-03    6.68032510121999E-02    9.23655933587500E-01
9.42166696373300E-03    6.68032510121999E-02    9.23655933587499E-01    9.54081540030005E-03
9.42166696373300E-03    9.23655933587499E-01    9.54081540029899E-03    6.68032510122010E-02
9.42166696373300E-03    6.68032510121999E-02    9.54081540029899E-03    9.23655933587500E-01
9.42166696373300E-03    9.23655933587499E-01    6.68032510121999E-02    9.54081540030002E-03
9.42166696373300E-03    9.54081540029899E-03    9.23655933587499E-01    6.68032510122009E-02
