2.57310664404549E-02    2.35652204523899E-02    4.88217389773805E-01    4.88217389773805E-01
2.57310664404549E-02    4.88217389773805E-01    4.88217389773805E-01    2.35652204523899E-02
2.57310664404549E-02    4.88217389773805E-01    2.35652204523899E-02    4.88217389773804E-01
4.36925445380380E-02    1.20551215411078E-01    4.39724392294459E-01    4.39724392294460E-01
4.36925445380380E-02    4.39724392294459E-01    4.39724392294459E-01    1.20551215411079E-01
4.36925445380380E-02    4.39724392294459E-01    1.20551215411078E-01    4.39724392294460E-01
6.28582242178850E-02    4.57579229975768E-01    2.71210385012115E-01    2.71210385012116E-01
6.28582242178850E-02    2.71210385012115E-01    2.71210385012115E-01    4.57579229975768E-01
6.28582242178850E-02    2.71210385012115E-01    4.57579229975768E-01    2.71210385012116E-01
3.47961129307090E-02    7.44847708916828E-01    1.27576145541586E-01    1.27576145541585E-01
3.47961129307090E-02    1.27576145541586E-01    1.27576145541586E-01    7.44847708916827E-01
3.47961129307090E-02    1.27576145541586E-01    7.44847708916828E-01    1.27576145541585E-01
6.16626105155900E-03    9.57365299093579E-01    2.13173504532100E-02    2.13173504532109E-02
6.16626105155900E-03    2.13173504532100E-02    2.13173504532100E-02    9.57365299093579E-01
6.16626105155900E-03    2.13173504532100E-02    9.57365299093579E-01    2.13173504532109E-02
4.03715577663810E-02    1.15343494534698E-01    2.75713269685514E-01    6.08943235779787E-01
4.03715577663810E-02    2.75713269685514E-01    6.08943235779788E-01    1.15343494534697E-01
4.03715577663810E-02    6.08943235779788E-01    1.15343494534698E-01    2.75713269685513E-01
4.03715577663810E-02    2.75713269685514E-01    1.15343494534698E-01    6.08943235779787E-01
4.03715577663810E-02    6.08943235779788E-01    2.75713269685514E-01    1.15343494534697E-01
4.03715577663810E-02    1.15343494534698E-01    6.08943235779788E-01    2.75713269685513E-01
2.23567732023030E-02    2.28383322222570E-02    2.81325580989939E-01    6.95836086787803E-01
2.23567732023030E-02    2.81325580989939E-01    6.95836086787802E-01    2.28383322222570E-02
2.23567732023030E-02    6.95836086787802E-01    2.28383322222570E-02    2.81325580989940E-01
2.23567732023030E-02    2.81325580989939E-01    2.28383322222570E-02    6.95836086787803E-01
2.23567732023030E-02    6.95836086787802E-01    2.81325580989939E-01    2.28383322222570E-02
2.23567732023030E-02    2.28383322222570E-02    6.95836086787802E-01    2.81325580989940E-01
1.73162311086590E-02    2.57340505483300E-02    1.16251915907596E-01    8.58014033544073E-01
1.73162311086590E-02    1.16251915907596E-01    8.58014033544073E-01    2.57340505483300E-02
1.73162311086590E-02    8.58014033544073E-01    2.57340505483300E-02    1.16251915907596E-01
1.73162311086590E-02    1.16251915907596E-01    2.57340505483300E-02    8.58014033544073E-01
1.73162311086590E-02    8.58014033544073E-01    1.16251915907596E-01    2.57340505483299E-02
1.73162311086590E-02    2.57340505483300E-02    8.58014033544073E-01    1.16251915907596E-01
