5.25209234008020E-02    3.33333333333332E-01    3.33333333333332E-01    3.33333333333333E-01
1.12801452093300E-02    9.90363012059100E-03    4.95048184939704E-01    4.95048184939703E-01
1.12801452093300E-02    4.95048184939704E-01    4.95048184939704E-01    9.90363012058997E-03
1.12801452093300E-02    4.95048184939704E-01    9.90363012059100E-03    4.95048184939703E-01
3.14235183624540E-02    6.25667297808519E-02    4.68716635109574E-01    4.68716635109574E-01
3.14235183624540E-02    4.68716635109574E-01    4.68716635109574E-01    6.25667297808520E-02
3.14235183624540E-02    4.68716635109574E-01    6.25667297808519E-02    4.68716635109574E-01
4.70725025041940E-02    1.70957326397447E-01    4.14521336801277E-01    4.14521336801276E-01
4.70725025041940E-02    4.14521336801277E-01    4.14521336801277E-01    1.70957326397445E-01
4.70725025041940E-02    4.14521336801277E-01    1.70957326397447E-01    4.14521336801276E-01
4.73635865363550E-02    5.41200855914336E-01    2.29399572042831E-01    2.29399572042832E-01
4.73635865363550E-02    2.29399572042831E-01    2.29399572042831E-01    5.41200855914337E-01
4.73635865363550E-02    2.29399572042831E-01    5.41200855914336E-01    2.29399572042832E-01
3.11675290457940E-02    7.71151009607339E-01    1.14424495196329E-01    1.14424495196330E-01
3.11675290457940E-02    1.14424495196329E-01    1.14424495196329E-01    7.71151009607339E-01
3.11675290457940E-02    1.14424495196329E-01    7.71151009607339E-01    1.14424495196330E-01
7.97577146507399E-03    9.50377217273082E-01    2.48113913634590E-02    2.48113913634590E-02
7.97577146507399E-03    2.48113913634590E-02    2.48113913634590E-02    9.50377217273082E-01
7.97577146507399E-03    2.48113913634590E-02    9.50377217273082E-01    2.48113913634590E-02
3.68484027287320E-02    9.48538283795789E-02    2.68794997058760E-01    6.36351174561660E-01
3.68484027287320E-02    2.68794997058760E-01    6.36351174561660E-01    9.48538283795790E-02
3.68484027287320E-02    6.36351174561660E-01    9.48538283795789E-02    2.68794997058760E-01
3.68484027287320E-02    2.68794997058760E-01    9.48538283795789E-02    6.36351174561660E-01
3.68484027287320E-02    6.36351174561660E-01    2.68794997058760E-01    9.48538283795790E-02
3.68484027287320E-02    9.48538283795789E-02    6.36351174561660E-01    2.68794997058760E-01
1.74014633038220E-02    1.81007732788069E-02    2.91730066734287E-01    6.90169159986905E-01
1.74014633038220E-02    2.91730066734287E-01    6.90169159986904E-01    1.81007732788071E-02
1.74014633038220E-02    6.90169159986904E-01    1.81007732788069E-02    2.91730066734288E-01
1.74014633038220E-02    2.91730066734287E-01    1.81007732788069E-02    6.90169159986905E-01
1.74014633038220E-02    6.90169159986904E-01    2.91730066734287E-01    1.81007732788070E-02
1.74014633038220E-02    1.81007732788069E-02    6.90169159986904E-01    2.91730066734288E-01
1.55217868390449E-02    2.22330766740900E-02    1.26357385491669E-01    8.51409537834241E-01
1.55217868390449E-02    1.26357385491669E-01    8.51409537834241E-01    2.22330766740900E-02
1.55217868390449E-02    8.51409537834241E-01    2.22330766740900E-02    1.26357385491669E-01
1.55217868390449E-02    1.26357385491669E-01    2.22330766740900E-02    8.51409537834241E-01
1.55217868390449E-02    8.51409537834241E-01    1.26357385491669E-01    2.22330766740899E-02
1.55217868390449E-02    2.22330766740900E-02    8.51409537834241E-01    1.26357385491668E-01
