2.18835813694290E-02    2.20721792756429E-02    4.88963910362179E-01    4.88963910362178E-01
2.18835813694290E-02    4.88963910362179E-01    4.88963910362179E-01    2.20721792756419E-02
2.18835813694290E-02    4.88963910362179E-01    2.20721792756429E-02    4.88963910362178E-01
3.27883535441250E-02    1.64710561319092E-01    4.17644719340454E-01    4.17644719340454E-01
3.27883535441250E-02    4.17644719340454E-01    4.17644719340454E-01    1.64710561319092E-01
3.27883535441250E-02    4.17644719340454E-01    1.64710561319092E-01    4.17644719340454E-01
5.17741045072920E-02    4.53044943382322E-01    2.73477528308838E-01    2.73477528308838E-01
5.17741045072920E-02    2.73477528308838E-01    2.73477528308838E-01    4.53044943382322E-01
5.17741045072920E-02    2.73477528308838E-01    4.53044943382322E-01    2.73477528308838E-01
4.21625887369930E-02    6.45588935174913E-01    1.77205532412543E-01    1.77205532412544E-01
4.21625887369930E-02    1.77205532412543E-01    1.77205532412543E-01    6.45588935174914E-01
4.21625887369930E-02    1.77205532412543E-01    6.45588935174913E-01    1.77205532412544E-01
1.44336996697770E-02    8.76400233818255E-01    6.17998830908730E-02    6.17998830908719E-02
1.44336996697770E-02    6.17998830908730E-02    6.17998830908730E-02    8.76400233818253E-01
1.44336996697770E-02    6.17998830908730E-02    8.76400233818255E-01    6.17998830908719E-02
4.92340360240000E-03    9.61218077502598E-01    1.93909612487009E-02    1.93909612487009E-02
4.92340360240000E-03    1.93909612487009E-02    1.93909612487009E-02    9.61218077502598E-01
4.92340360240000E-03    1.93909612487009E-02    9.61218077502598E-01    1.93909612487009E-02
2.46657532125640E-02    5.71247574036480E-02    1.72266687821356E-01    7.70608554774996E-01
2.46657532125640E-02    1.72266687821356E-01    7.70608554774996E-01    5.71247574036479E-02
2.46657532125640E-02    7.70608554774996E-01    5.71247574036480E-02    1.72266687821355E-01
2.46657532125640E-02    1.72266687821356E-01    5.71247574036480E-02    7.70608554774996E-01
2.46657532125640E-02    7.70608554774996E-01    1.72266687821356E-01    5.71247574036479E-02
2.46657532125640E-02    5.71247574036480E-02    7.70608554774996E-01    1.72266687821356E-01
3.85715107870610E-02    9.29162493569720E-02    3.36861459796345E-01    5.70222290846682E-01
3.85715107870610E-02    3.36861459796345E-01    5.70222290846682E-01    9.29162493569719E-02
3.85715107870610E-02    5.70222290846682E-01    9.29162493569720E-02    3.36861459796345E-01
3.85715107870610E-02    3.36861459796345E-01    9.29162493569720E-02    5.70222290846682E-01
3.85715107870610E-02    5.70222290846682E-01    3.36861459796345E-01    9.29162493569720E-02
3.85715107870610E-02    9.29162493569720E-02    5.70222290846682E-01    3.36861459796345E-01
1.44363081135340E-02    1.46469500556539E-02    2.98372882136258E-01    6.86980167808088E-01
1.44363081135340E-02    2.98372882136258E-01    6.86980167808088E-01    1.46469500556539E-02
1.44363081135340E-02    6.86980167808088E-01    1.46469500556539E-02    2.98372882136258E-01
1.44363081135340E-02    2.98372882136258E-01    1.46469500556539E-02    6.86980167808088E-01
1.44363081135340E-02    6.86980167808088E-01    2.98372882136258E-01    1.46469500556539E-02
1.44363081135340E-02    1.46469500556539E-02    6.86980167808088E-01    2.98372882136258E-01
5.01022883850099E-03    1.26833093287199E-03    1.18974497696957E-01    8.79757171370170E-01
5.01022883850099E-03    1.18974497696957E-01    8.79757171370170E-01    1.26833093287204E-03
5.01022883850099E-03    8.79757171370170E-01    1.26833093287199E-03    1.18974497696957E-01
5.01022883850099E-03    1.18974497696957E-01    1.26833093287199E-03    8.79757171370170E-01
5.01022883850099E-03    8.79757171370170E-01    1.18974497696957E-01    1.26833093287204E-03
5.01022883850099E-03    1.26833093287199E-03    8.79757171370170E-01    1.18974497696957E-01
