3.34371992908030E-02    3.33333333333332E-01    3.33333333333332E-01    3.33333333333333E-01
5.09341544050700E-03    5.65891888645200E-03    4.97170540556774E-01    4.97170540556774E-01
5.09341544050700E-03    4.97170540556774E-01    4.97170540556774E-01    5.65891888645198E-03
5.09341544050700E-03    4.97170540556774E-01    5.65891888645200E-03    4.97170540556774E-01
1.46708645276380E-02    3.56473547507510E-02    4.82176322624625E-01    4.82176322624624E-01
1.46708645276380E-02    4.82176322624625E-01    4.82176322624625E-01    3.56473547507500E-02
1.46708645276380E-02    4.82176322624625E-01    3.56473547507510E-02    4.82176322624624E-01
2.43508783536720E-02    9.95200619584370E-02    4.50239969020782E-01    4.50239969020781E-01
2.43508783536720E-02    4.50239969020782E-01    4.50239969020782E-01    9.95200619584359E-02
2.43508783536720E-02    4.50239969020782E-01    9.95200619584370E-02    4.50239969020781E-01
3.11075508689689E-02    1.99467521245206E-01    4.00266239377397E-01    4.00266239377397E-01
3.11075508689689E-02    4.00266239377397E-01    4.00266239377397E-01    1.99467521245205E-01
3.11075508689689E-02    4.00266239377397E-01    1.99467521245206E-01    4.00266239377396E-01
3.12571112186200E-02    4.95717464058095E-01    2.52141267970952E-01    2.52141267970951E-01
3.12571112186200E-02    2.52141267970952E-01    2.52141267970952E-01    4.95717464058094E-01
3.12571112186200E-02    2.52141267970952E-01    4.95717464058095E-01    2.52141267970952E-01
2.48156543396650E-02    6.75905990683077E-01    1.62047004658461E-01    1.62047004658462E-01
2.48156543396650E-02    1.62047004658461E-01    1.62047004658461E-01    6.75905990683078E-01
2.48156543396650E-02    1.62047004658461E-01    6.75905990683077E-01    1.62047004658462E-01
1.40560730705570E-02    8.48248235478508E-01    7.58758822607460E-02    7.58758822607459E-02
1.40560730705570E-02    7.58758822607460E-02    7.58758822607460E-02    8.48248235478507E-01
1.40560730705570E-02    7.58758822607460E-02    8.48248235478508E-01    7.58758822607459E-02
3.19467617377899E-03    9.68690546064356E-01    1.56547269678220E-02    1.56547269678219E-02
3.19467617377899E-03    1.56547269678220E-02    1.56547269678220E-02    9.68690546064356E-01
3.19467617377899E-03    1.56547269678220E-02    9.68690546064356E-01    1.56547269678219E-02
8.11965531899300E-03    1.01869288269190E-02    3.34319867363657E-01    6.55493203809423E-01
8.11965531899300E-03    3.34319867363657E-01    6.55493203809423E-01    1.01869288269189E-02
8.11965531899300E-03    6.55493203809423E-01    1.01869288269190E-02    3.34319867363657E-01
8.11965531899300E-03    3.34319867363657E-01    1.01869288269190E-02    6.55493203809423E-01
8.11965531899300E-03    6.55493203809423E-01    3.34319867363657E-01    1.01869288269190E-02
8.11965531899300E-03    1.01869288269190E-02    6.55493203809423E-01    3.34319867363658E-01
2.68057422831630E-02    1.35440871671036E-01    2.92221537796943E-01    5.72337590532020E-01
2.68057422831630E-02    2.92221537796943E-01    5.72337590532020E-01    1.35440871671036E-01
2.68057422831630E-02    5.72337590532020E-01    1.35440871671036E-01    2.92221537796943E-01
2.68057422831630E-02    2.92221537796943E-01    1.35440871671036E-01    5.72337590532020E-01
2.68057422831630E-02    5.72337590532020E-01    2.92221537796943E-01    1.35440871671035E-01
2.68057422831630E-02    1.35440871671036E-01    5.72337590532020E-01    2.92221537796943E-01
1.84599932108220E-02    5.44239242905830E-02    3.19574885423190E-01    6.26001190286227E-01
1.84599932108220E-02    3.19574885423190E-01    6.26001190286228E-01    5.44239242905819E-02
1.84599932108220E-02    6.26001190286228E-01    5.44239242905830E-02    3.19574885423188E-01
1.84599932108220E-02    3.19574885423190E-01    5.44239242905830E-02    6.26001190286227E-01
1.84599932108220E-02    6.26001190286228E-01    3.19574885423190E-01    5.44239242905819E-02
1.84599932108220E-02    5.44239242905830E-02    6.26001190286228E-01    3.19574885423189E-01
8.47686853432800E-03    1.28685608336370E-02    1.90704224192291E-01    7.96427214974070E-01
8.47686853432800E-03    1.90704224192291E-01    7.96427214974070E-01    1.28685608336369E-02
8.47686853432800E-03    7.96427214974070E-01    1.28685608336370E-02    1.90704224192292E-01
8.47686853432800E-03    1.90704224192291E-01    1.28685608336370E-02    7.96427214974070E-01
8.47686853432800E-03    7.96427214974070E-01    1.90704224192291E-01    1.28685608336370E-02
8.47686853432800E-03    1.28685608336370E-02    7.96427214974070E-01    1.90704224192292E-01
1.82927967700249E-02    6.71657824135240E-02    1.80483211648746E-01    7.52351005937729E-01
1.82927967700249E-02    1.80483211648746E-01    7.52351005937728E-01    6.71657824135249E-02
1.82927967700249E-02    7.52351005937728E-01    6.71657824135240E-02    1.80483211648747E-01
1.82927967700249E-02    1.80483211648746E-01    6.71657824135240E-02    7.52351005937729E-01
1.82927967700249E-02    7.52351005937728E-01    1.80483211648746E-01    6.71657824135250E-02
1.82927967700249E-02    6.71657824135240E-02    7.52351005937728E-01    1.80483211648747E-01
6.66563200416500E-03    1.46631822248280E-02    8.07113136795639E-02    9.04625504095608E-01
6.66563200416500E-03    8.07113136795639E-02    9.04625504095608E-01    1.46631822248279E-02
6.66563200416500E-03    9.04625504095608E-01    1.46631822248280E-02    8.07113136795639E-02
6.66563200416500E-03    8.07113136795639E-02    1.46631822248280E-02    9.04625504095608E-01
6.66563200416500E-03    9.04625504095608E-01    8.07113136795639E-02    1.46631822248279E-02
6.66563200416500E-03    1.46631822248280E-02    9.04625504095608E-01    8.07113136795639E-02
