3.29063313889189E-02    3.33333333333332E-01    3.33333333333332E-01    3.33333333333333E-01
1.03307318912720E-02    2.07800258539870E-02    4.89609987073006E-01    4.89609987073007E-01
1.03307318912720E-02    4.89609987073006E-01    4.89609987073006E-01    2.07800258539880E-02
1.03307318912720E-02    4.89609987073006E-01    2.07800258539870E-02    4.89609987073007E-01
2.23872472630160E-02    9.09262146042150E-02    4.54536892697892E-01    4.54536892697891E-01
2.23872472630160E-02    4.54536892697892E-01    4.54536892697892E-01    9.09262146042140E-02
2.23872472630160E-02    4.54536892697892E-01    9.09262146042150E-02    4.54536892697891E-01
3.02661258694679E-02    1.97166638701137E-01    4.01416680649430E-01    4.01416680649431E-01
3.02661258694679E-02    4.01416680649430E-01    4.01416680649430E-01    1.97166638701137E-01
3.02661258694679E-02    4.01416680649430E-01    1.97166638701137E-01    4.01416680649430E-01
3.04909678021980E-02    4.88896691193805E-01    2.55551654403098E-01    2.55551654403096E-01
3.04909678021980E-02    2.55551654403098E-01    2.55551654403098E-01    4.88896691193803E-01
3.04909678021980E-02    2.55551654403098E-01    4.88896691193805E-01    2.55551654403096E-01
2.41592127416410E-02    6.45844115695740E-01    1.77077942152129E-01    1.77077942152129E-01
2.41592127416410E-02    1.77077942152129E-01    1.77077942152129E-01    6.45844115695739E-01
2.41592127416410E-02    1.77077942152129E-01    6.45844115695740E-01    1.77077942152129E-01
1.60508035868009E-02    7.79877893544095E-01    1.10061053227952E-01    1.10061053227952E-01
1.60508035868009E-02    1.10061053227952E-01    1.10061053227952E-01    7.79877893544095E-01
1.60508035868009E-02    1.10061053227952E-01    7.79877893544095E-01    1.10061053227952E-01
8.08458026178399E-03    8.88942751496320E-01    5.55286242518399E-02    5.55286242518390E-02
8.08458026178399E-03    5.55286242518399E-02    5.55286242518399E-02    8.88942751496319E-01
8.08458026178399E-03    5.55286242518399E-02    8.88942751496320E-01    5.55286242518390E-02
2.07936202748499E-03    9.74756272445542E-01    1.26218637772290E-02    1.26218637772280E-02
2.07936202748499E-03    1.26218637772290E-02    1.26218637772290E-02    9.74756272445542E-01
2.07936202748499E-03    1.26218637772290E-02    9.74756272445542E-01    1.26218637772280E-02
3.88487690498100E-03    3.61141784841200E-03    3.95754787356943E-01    6.00633794794644E-01
3.88487690498100E-03    3.95754787356943E-01    6.00633794794644E-01    3.61141784841201E-03
3.88487690498100E-03    6.00633794794644E-01    3.61141784841200E-03    3.95754787356943E-01
3.88487690498100E-03    3.95754787356943E-01    3.61141784841200E-03    6.00633794794644E-01
3.88487690498100E-03    6.00633794794644E-01    3.95754787356943E-01    3.61141784841201E-03
3.88487690498100E-03    3.61141784841200E-03    6.00633794794644E-01    3.95754787356943E-01
2.55741606120220E-02    1.34466754530780E-01    3.07929983880436E-01    5.57603261588783E-01
2.55741606120220E-02    3.07929983880436E-01    5.57603261588784E-01    1.34466754530779E-01
2.55741606120220E-02    5.57603261588784E-01    1.34466754530780E-01    3.07929983880435E-01
2.55741606120220E-02    3.07929983880436E-01    1.34466754530780E-01    5.57603261588784E-01
2.55741606120220E-02    5.57603261588784E-01    3.07929983880436E-01    1.34466754530779E-01
2.55741606120220E-02    1.34466754530780E-01    5.57603261588784E-01    3.07929983880435E-01
8.88090357333799E-03    1.44460257761150E-02    2.64566948406520E-01    7.20987025817364E-01
8.88090357333799E-03    2.64566948406520E-01    7.20987025817364E-01    1.44460257761149E-02
8.88090357333799E-03    7.20987025817364E-01    1.44460257761150E-02    2.64566948406520E-01
8.88090357333799E-03    2.64566948406520E-01    1.44460257761150E-02    7.20987025817364E-01
8.88090357333799E-03    7.20987025817364E-01    2.64566948406520E-01    1.44460257761150E-02
8.88090357333799E-03    1.44460257761150E-02    7.20987025817364E-01    2.64566948406520E-01
1.61245467617310E-02    4.69335788381780E-02    3.58539352205951E-01    5.94527068955871E-01
1.61245467617310E-02    3.58539352205951E-01    5.94527068955871E-01    4.69335788381779E-02
1.61245467617310E-02    5.94527068955871E-01    4.69335788381780E-02    3.58539352205950E-01
1.61245467617310E-02    3.58539352205951E-01    4.69335788381780E-02    5.94527068955871E-01
1.61245467617310E-02    5.94527068955871E-01    3.58539352205951E-01    4.69335788381779E-02
1.61245467617310E-02    4.69335788381780E-02    5.94527068955871E-01    3.58539352205951E-01
2.49194181749099E-03    2.86112035056699E-03    1.57807405968594E-01    8.39331473680838E-01
2.49194181749099E-03    1.57807405968594E-01    8.39331473680839E-01    2.86112035056595E-03
2.49194181749099E-03    8.39331473680839E-01    2.86112035056699E-03    1.57807405968593E-01
2.49194181749099E-03    1.57807405968594E-01    2.86112035056699E-03    8.39331473680838E-01
2.49194181749099E-03    8.39331473680839E-01    1.57807405968594E-01    2.86112035056595E-03
2.49194181749099E-03    2.86112035056699E-03    8.39331473680839E-01    1.57807405968593E-01
1.82428401189510E-02    2.23861424097916E-01    7.50505969759110E-02    7.01087978926173E-01
1.82428401189510E-02    7.50505969759110E-02    7.01087978926173E-01    2.23861424097915E-01
1.82428401189510E-02    7.01087978926173E-01    2.23861424097916E-01    7.50505969759109E-02
1.82428401189510E-02    7.50505969759110E-02    2.23861424097916E-01    7.01087978926173E-01
1.82428401189510E-02    7.01087978926173E-01    7.50505969759110E-02    2.23861424097915E-01
1.82428401189510E-02    2.23861424097916E-01    7.01087978926173E-01    7.50505969759109E-02
1.02585637361989E-02    3.46470748167600E-02    1.42421601113383E-01    8.22931324069857E-01
1.02585637361989E-02    1.42421601113383E-01    8.22931324069857E-01    3.46470748167599E-02
1.02585637361989E-02    8.22931324069857E-01    3.46470748167600E-02    1.42421601113382E-01
1.02585637361989E-02    1.42421601113383E-01    3.46470748167600E-02    8.22931324069857E-01
1.02585637361989E-02    8.22931324069857E-01    1.42421601113383E-01    3.46470748167599E-02
1.02585637361989E-02    3.46470748167600E-02    8.22931324069857E-01    1.42421601113382E-01
3.79992885530200E-03    1.01611192962780E-02    6.54946280829380E-02    9.24344252620783E-01
3.79992885530200E-03    6.54946280829380E-02    9.24344252620784E-01    1.01611192962779E-02
3.79992885530200E-03    9.24344252620784E-01    1.01611192962780E-02    6.54946280829379E-02
3.79992885530200E-03    6.54946280829380E-02    1.01611192962780E-02    9.24344252620783E-01
3.79992885530200E-03    9.24344252620784E-01    6.54946280829380E-02    1.01611192962779E-02
3.79992885530200E-03    1.01611192962780E-02    9.24344252620784E-01    6.54946280829379E-02
